        60     78.301
        70     77.495
        80     74.371
        90      75.61
       100     74.806
       110     75.582
       120     70.988
       130      73.72
       140     72.198
       150     70.576
       160      70.24
       170     68.008
       180      66.92
       190     68.334
       200     66.366
       210     65.079
       220     64.304
       230     62.939
       240       61.6
       250     62.295
       260     61.565
       270      60.01
       280     61.524
       290     59.655
       300     57.551
       310     59.086
       320     57.603
       330     57.353
       340     56.904
       350      54.77
       360     55.578
       370     56.702
       380     54.799
       390      53.27
       400     53.172
       410     51.126
       420     52.221
       430     50.724
       440     51.075
       450     51.086
       460     49.407
       470     48.811
       480     48.861
       490     48.225
       500     47.905
       510     47.011
       520     48.658
       530     46.326
       540     47.373
       550      45.96
       560     47.436
       570     46.214
       580     46.619
       590     45.015
       600     45.333
       610     43.767
       620     43.582
       630     43.172
       640     41.729
       650     42.982
       660     42.979
       670     42.152
       680      41.62
       690      41.27
       700     41.037
       710     40.623
       720     38.439
       730     38.573
       740     39.798
       750     40.235
       760      37.98
       770     38.547
       780     40.267
       790     39.427
       800     38.481
       810     41.855
       820     35.879
       830      36.36
       840       38.6
       850     36.452
       860     35.324
       870     36.128
       880     36.873
       890     36.454
       900     34.764
       910     32.528
       920     34.273
       930     33.322
       940     33.876
       950     33.826
       960     32.494
       970     31.922
       980     34.574
       990     33.662
      1000     32.498
      1010     33.025
      1020     32.728
      1030     34.453
      1040     31.905
      1050     30.142
      1060      31.35
      1070     31.264
      1080     31.278
      1090     29.189
      1100     30.151
      1110     32.023
      1120     30.867
      1130     30.272
      1140     30.396
      1150     28.874
      1160     29.688
      1170      29.78
      1180     29.285
      1190     28.848
      1200     28.635
      1210     29.922
      1220      29.82
      1230     28.331
      1240     29.197
      1250     27.156
      1260     28.756
      1270      29.08
      1280     28.199
      1290     27.218
      1300     29.191
      1310     27.314
      1320     28.044
      1330     28.871
      1340     27.385
      1350     27.426
      1360     27.379
      1370     26.638
      1380     27.486
      1390     27.701
      1400     28.518
      1410     27.336
      1420     24.208
      1430     26.683
      1440      26.53
      1450      26.65
      1460     25.908
      1470     27.808
      1480     25.733
      1490     25.116
      1500     26.853
      1510     26.128
      1520     24.394
      1530     26.005
      1540     24.969
      1550     26.048
      1560     26.589
      1570     25.652
      1580     23.246
      1590     25.808
      1600     24.221
      1610      25.64
      1620     25.213
      1630     26.573
      1640     23.832
      1650     24.008
      1660     25.988
      1670     24.527
      1680     25.643
      1690     24.046
      1700     25.009
      1710      26.58
      1720     24.635
      1730     24.157
      1740     23.783
      1750     24.949
      1760     24.215
      1770     24.528
      1780     24.309
      1790     23.641
      1800     23.559
      1810      22.72
      1820     25.882
      1830     24.348
      1840     25.216
      1850     24.875
      1860     24.726
      1870       23.9
      1880     23.426
      1890     23.459
      1900     25.933
      1910     22.718
      1920     21.026
      1930     23.391
      1940     24.659
      1950     23.144
      1960     23.501
      1970     23.392
      1980     23.123
      1990     24.713
      2000      25.54
      2010     23.954
      2020      23.89
      2030     22.558
      2040      23.47
      2050     23.765
      2060     24.772
      2070     21.076
      2080     20.172
      2090     24.214
      2100     22.969
      2110     23.991
      2120     22.447
      2130      22.84
      2140     23.105
      2150     24.651
      2160     23.251
      2170     22.942
      2180     23.438
      2190     23.781
      2200     21.005
      2210     21.694
      2220     23.924
      2230     21.504
      2240     23.078
      2250     22.966
      2260     21.405
      2270     22.975
      2280     22.941
      2290     21.798
      2300     22.688
      2310     24.266
      2320     22.836
      2330     22.556
      2340     23.497
      2350     22.122
      2360     22.229
      2370      19.64
      2380     22.316
      2390     24.111
      2400     21.854
      2410     23.787
      2420     23.574
      2430     21.846
      2440     22.281
      2450     23.193
      2460     22.266
      2470     21.077
      2480     22.959
      2490     22.324
      2500     21.128
      2510      24.09
      2520     22.459
      2530     21.146
      2540     21.529
      2550      22.46
      2560     21.281
      2570     22.343
      2580     21.179
      2590     22.144
      2600     21.467
      2610     21.338
      2620     20.193
      2630     21.988
      2640     21.811
      2650     21.613
      2660     21.009
      2670     20.369
      2680     22.374
      2690     21.545
      2700     21.047
      2710     21.059
      2720      21.52
      2730     20.634
      2740     20.862
      2750     22.941
      2760     22.501
      2770     21.123
      2780      21.46
      2790     22.535
      2800     20.112
      2810     21.669
      2820     20.969
      2830     20.488
      2840     22.671
      2850     22.957
      2860     22.416
      2870     22.184
      2880     22.638
      2890     20.552
      2900     21.652
      2910     21.831
      2920     19.653
      2930     22.552
      2940     22.365
      2950     23.031
      2960     21.334
      2970     20.793
      2980      20.39
      2990     20.648
      3000     21.762
      3010     21.621
      3020     22.902
      3030     23.037
      3040     19.214
      3050      20.13
      3060     21.852
      3070     21.864
      3080     20.671
      3090      20.77
      3100     22.105
      3110     19.935
      3120     18.414
      3130     19.214
      3140     23.387
      3150     21.284
      3160     22.577
      3170      19.77
      3180     20.908
      3190     20.053
      3200     21.023
      3210     20.497
      3220     20.338
      3230     20.615
      3240     22.146
      3250     21.033
      3260     21.934
      3270     21.424
      3280     19.573
      3290      20.67
      3300     23.244
      3310      21.13
      3320     20.604
      3330     21.678
      3340     19.985
      3350     20.259
      3360     20.267
      3370     22.463
      3380      20.08
      3390     22.108
      3400     21.994
      3410     22.619
      3420     21.919
      3430     17.571
      3440     20.084
      3450     21.455
      3460     21.167
      3470     21.362
      3480     21.483
      3490     22.168
      3500     21.629
      3510     22.037
      3520     21.862
      3530     21.071
      3540      21.99
      3550     21.192
      3560     21.081
      3570     20.726
      3580     20.933
      3590     19.177
      3600     22.368
      3610     20.785
      3620     21.544
      3630     20.908
      3640     21.308
      3650     21.787
      3660     22.017
      3670     21.391
      3680     21.375
      3690     19.852
      3700     21.327
      3710      19.76
      3720      20.15
      3730     21.549
      3740     21.983
      3750     22.216
      3760     22.812
      3770     19.491
      3780     20.546
      3790      20.33
      3800     21.209
      3810     20.833
      3820     20.107
      3830     22.649
      3840     20.086
      3850     21.024
      3860     22.155
      3870      22.11
      3880     20.877
      3890     22.275
      3900     21.835